           1   1.6973436762837252E-006
           2   1.9875894387737750E-006
           3   2.5059085185616017E-006
           4   3.2539501600733765E-006
           5   4.2233279471579121E-006
           6   5.4059931442464037E-006
           7   6.7965690451629146E-006
           8   8.3918253361689080E-006
           9   1.0189870314501626E-005
          10   1.2189591585608002E-005
          11   1.4390325259196842E-005
          12   1.6791668042551015E-005
          13   1.9393370655866757E-005
          14   2.2195276560501744E-005
          15   2.5197286067074105E-005
          16   2.8399334883059417E-005
          17   3.1801381036126855E-005
          18   3.5403396756236053E-005
          19   3.9205363352115399E-005
          20   4.3207267929928360E-005
          21   4.7409101265414571E-005
          22   5.1810856409285265E-005
          23   5.6412527765889362E-005
          24   6.1214110480676582E-005
          25   6.6215600031842018E-005
          26   7.1416991957991790E-005
          27   7.6818281677291811E-005
          28   8.2419464368336913E-005
          29   8.8220534893190469E-005
          30   9.4221487748849086E-005
          31   1.0042231703815117E-004
          32   1.0682301645416625E-004
          33   1.1342357927321853E-004
          34   1.2022399835397725E-004
          35   1.2722426614042044E-004
          36   1.3442437466732365E-004
          37   1.4182431556713493E-004
          38   1.4942408007783057E-004
          39   1.5722365905082968E-004
          40   1.6522304295924219E-004
          41   1.7342222190570774E-004
          42   1.8182118563018864E-004
          43   1.9041992351716061E-004
          44   1.9921842460253082E-004
          45   2.0821667758002250E-004
          46   2.1741467080721273E-004
          47   2.2681239231110505E-004
          48   2.3640982979319334E-004
          49   2.4620697063426720E-004
          50   2.5620380189882337E-004
          51   2.6640031033907543E-004
          52   2.7679648239866626E-004
          53   2.8739230421617550E-004
          54   2.9818776162825677E-004
          55   3.0918284017250727E-004
          56   3.2037752509018384E-004
          57   3.3177180132858819E-004
          58   3.4336565354347855E-004
          59   3.5515906610108838E-004
          60   3.6715202308007457E-004
          61   3.7934450827333297E-004
          62   3.9173650518956645E-004
          63   4.0432799705494588E-004
          64   4.1711896681436166E-004
          65   4.3010939713289707E-004
          66   4.4329927039698955E-004
          67   4.5668856871554706E-004
          68   4.7027727392099310E-004
          69   4.8406536757026795E-004
          70   4.9805283094572046E-004
          71   5.1223964505598990E-004
          72   5.2662579063689132E-004
          73   5.4121124815197932E-004
          74   5.5599599779343120E-004
          75   5.7098001948264847E-004
          76   5.8616329287090256E-004
          77   6.0154579733986610E-004
          78   6.1712751200228364E-004
          79   6.3290841570243477E-004
          80   6.4888848701670043E-004
          81   6.6506770425402942E-004
          82   6.8144604545630728E-004
          83   6.9802348839894822E-004
          84   7.1480001059132678E-004
          85   7.3177558927708529E-004
          86   7.4895020143462318E-004
          87   7.6632382377740975E-004
          88   7.8389643275439825E-004
          89   8.0166800455043475E-004
          90   8.1963851508655720E-004
          91   8.3780794002043246E-004
          92   8.5617625474651647E-004
          93   8.7474343439658715E-004
          94   8.9350945383995749E-004
          95   9.1247428768383143E-004
          96   9.3163791027364403E-004
          97   9.5100029569334527E-004
          98   9.7056141776569291E-004
          99   9.9032125005255804E-004
         100   1.0102797658553312E-003
         101   1.0304369382150352E-003
         102   1.0507927399127622E-003
         103   1.0713471434699434E-003
         104   1.0921001211486293E-003
         105   1.1130516449517492E-003
         106   1.1342016866234192E-003
         107   1.1555502176492424E-003
         108   1.1770972092565958E-003
         109   1.1988426324148788E-003
         110   1.2207864578358128E-003
         111   1.2429286559737071E-003
         112   1.2652691970257421E-003
         113   1.2878080509322865E-003
         114   1.3105451873771359E-003
         115   1.3334805757878238E-003
         116   1.3566141853357740E-003
         117   1.3799459849366705E-003
         118   1.4034759432507964E-003
         119   1.4272040286831952E-003
         120   1.4511302093839170E-003
         121   1.4752544532483419E-003
         122   1.4995767279174447E-003
         123   1.5240970007780838E-003
         124   1.5488152389632501E-003
         125   1.5737314093522629E-003
         126   1.5988454785711744E-003
         127   1.6241574129928008E-003
         128   1.6496671787372414E-003
         129   1.6753747416720164E-003
         130   1.7012800674122957E-003
         131   1.7273831213211316E-003
         132   1.7536838685098493E-003
         133   1.7801822738382083E-003
         134   1.8068783019146784E-003
         135   1.8337719170966873E-003
         136   1.8608630834908630E-003
         137   1.8881517649532570E-003
         138   1.9156379250896581E-003
         139   1.9433215272558276E-003
         140   1.9712025345577596E-003
         141   1.9992809098518787E-003
         142   2.0275566157453261E-003
         143   2.0560296145962112E-003
         144   2.0846998685138756E-003
         145   2.1135673393590771E-003
         146   2.1426319887442352E-003
         147   2.1718937780337453E-003
         148   2.2013526683441909E-003
         149   2.2310086205446118E-003
         150   2.2608615952567010E-003
         151   2.2909115528550743E-003
         152   2.3211584534675550E-003
         153   2.3516022569752891E-003
         154   2.3822429230131404E-003
         155   2.4130804109698213E-003
         156   2.4441146799881824E-003
         157   2.4753456889654592E-003
         158   2.5067733965535586E-003
         159   2.5383977611591422E-003
         160   2.5702187409440561E-003
         161   2.6022362938254184E-003
         162   2.6344503774759806E-003
         163   2.6668609493242820E-003
         164   2.6994679665549204E-003
         165   2.7322713861088325E-003
         166   2.7652711646834732E-003
         167   2.7984672587330738E-003
         168   2.8318596244688715E-003
         169   2.8654482178593886E-003
         170   2.8992329946306299E-003
         171   2.9332139102663237E-003
         172   2.9673909200081494E-003
         173   3.0017639788560619E-003
         174   3.0363330415683477E-003
         175   3.0710980626620773E-003
         176   3.1060589964131964E-003
         177   3.1412157968567882E-003
         178   3.1765684177873935E-003
         179   3.2121168127590949E-003
         180   3.2478609350859353E-003
         181   3.2838007378419736E-003
         182   3.3199361738616294E-003
         183   3.3562671957398605E-003
         184   3.3927937558324468E-003
         185   3.4295158062561670E-003
         186   3.4664332988890850E-003
         187   3.5035461853707480E-003
         188   3.5408544171024714E-003
         189   3.5783579452475013E-003
         190   3.6160567207312233E-003
         191   3.6539506942414803E-003
         192   3.6920398162288283E-003
         193   3.7303240369066558E-003
         194   3.7688033062514502E-003
         195   3.8074775740030743E-003
         196   3.8463467896648869E-003
         197   3.8854109025041167E-003
         198   3.9246698615520272E-003
         199   3.9641236156040694E-003
         200   4.0037721132202232E-003
         201   4.0436153027251969E-003
         202   4.0836531322086533E-003
         203   4.1238855495253635E-003
         204   4.1643125022955019E-003
         205   4.2049339379049248E-003
         206   4.2457498035052919E-003
         207   4.2867600460142850E-003
         208   4.3279646121159969E-003
         209   4.3693634482609919E-003
         210   4.4109565006665609E-003
         211   4.4527437153170568E-003
         212   4.4947250379639495E-003
         213   4.5369004141261795E-003
         214   4.5792697890903612E-003
         215   4.6218331079109672E-003
         216   4.6645903154106322E-003
         217   4.7075413561802780E-003
         218   4.7506861745793714E-003
         219   4.7940247147362702E-003
         220   4.8375569205483075E-003
         221   4.8812827356820255E-003
         222   4.9252021035734988E-003
         223   4.9693149674285026E-003
         224   5.0136212702227333E-003
         225   5.0581209547019695E-003
         226   5.1028139633825208E-003
         227   5.1477002385511960E-003
         228   5.1927797222657635E-003
         229   5.2380523563549638E-003
         230   5.2835180824189407E-003
         231   5.3291768418293186E-003
         232   5.3750285757295010E-003
         233   5.4210732250348729E-003
         234   5.4673107304331362E-003
         235   5.5137410323843287E-003
         236   5.5603640711212963E-003
         237   5.6071797866497214E-003
         238   5.6541881187485640E-003
         239   5.7013890069700628E-003
         240   5.7487823906401539E-003
         241   5.7963682088586288E-003
         242   5.8441464004993799E-003
         243   5.8921169042106250E-003
         244   5.9402796584151884E-003
         245   5.9886346013106433E-003
         246   6.0371816708696202E-003
         247   6.0859208048400261E-003
         248   6.1348519407453178E-003
         249   6.1839750158846742E-003
         250   6.2332899673332842E-003
         251   6.2827967319425719E-003
         252   6.3324952463404372E-003
         253   6.3823854469314736E-003
         254   6.4324672698972520E-003
         255   6.4827406511964846E-003
         256   6.5332055265653428E-003
         257   6.5838618315176385E-003
         258   6.6347095013451216E-003
         259   6.6857484711176918E-003
         260   6.7369786756836456E-003
         261   6.7884000496698715E-003
         262   6.8400125274821911E-003
         263   6.8918160433055044E-003
         264   6.9438105311041380E-003
         265   6.9959959246219568E-003
         266   7.0483721573827386E-003
         267   7.1009391626903375E-003
         268   7.1536968736289298E-003
         269   7.2066452230632495E-003
         270   7.2597841436389185E-003
         271   7.3131135677825905E-003
         272   7.3666334277023258E-003
         273   7.4203436553876524E-003
         274   7.4742441826099728E-003
         275   7.5283349409227401E-003
         276   7.5826158616616578E-003
         277   7.6370868759450391E-003
         278   7.6917479146739595E-003
         279   7.7465989085325699E-003
         280   7.8016397879883273E-003
         281   7.8568704832922259E-003
         282   7.9122909244790287E-003
         283   7.9679010413675738E-003
         284   8.0237007635609505E-003
         285   8.0796900204468391E-003
         286   8.1358687411977101E-003
         287   8.1922368547709869E-003
         288   8.2487942899094006E-003
         289   8.3055409751412596E-003
         290   8.3624768387806289E-003
         291   8.4196018089276372E-003
         292   8.4769158134686863E-003
         293   8.5344187800767291E-003
         294   8.5921106362114447E-003
         295   8.6499913091195972E-003
         296   8.7080607258352687E-003
         297   8.7663188131799803E-003
         298   8.8247654977631467E-003
         299   8.8834007059821873E-003
         300   8.9422243640228209E-003
         301   9.0012363978593263E-003
         302   9.0604367332547380E-003
         303   9.1198252957611897E-003
         304   9.1794020107200391E-003
         305   9.2391668032623091E-003
         306   9.2991195983087201E-003
         307   9.3592603205701376E-003
         308   9.4195888945476942E-003
         309   9.4801052445330682E-003
         310   9.5408092946088138E-003
         311   9.6017009686485116E-003
         312   9.6627801903170999E-003
         313   9.7240468830710504E-003
         314   9.7855009701586747E-003
         315   9.8471423746203535E-003
         316   9.9089710192888265E-003
         317   9.9709868267894072E-003
         318   1.0033189719540253E-002
         319   1.0095579619752649E-002
         320   1.0158156449431181E-002
         321   1.0220920130374051E-002
         322   1.0283870584173316E-002
         323   1.0347007732215169E-002
         324   1.0410331495680141E-002
         325   1.0473841795543394E-002
         326   1.0537538552574931E-002
         327   1.0601421687339962E-002
         328   1.0665491120198987E-002
         329   1.0729746771308151E-002
         330   1.0794188560619561E-002
         331   1.0858816407881442E-002
         332   1.0923630232638431E-002
         333   1.0988629954231761E-002
         334   1.1053815491799590E-002
         335   1.1119186764277289E-002
         336   1.1184743690397649E-002
         337   1.1250486188691103E-002
         338   1.1316414177486031E-002
         339   1.1382527574908954E-002
         340   1.1448826298884914E-002
         341   1.1515310267137643E-002
         342   1.1581979397189846E-002
         343   1.1648833606363406E-002
         344   1.1715872811779677E-002
         345   1.1783096930359775E-002
         346   1.1850505878824800E-002
         347   1.1918099573696061E-002
         348   1.1985877931295394E-002
         349   1.2053840867745363E-002
         350   1.2121988298969634E-002
         351   1.2190320140693054E-002
         352   1.2258836308442038E-002
         353   1.2327536717544827E-002
         354   1.2396421283131648E-002
         355   1.2465489920135065E-002
         356   1.2534742543290270E-002
         357   1.2604179067135257E-002
         358   1.2673799406011111E-002
         359   1.2743603474062188E-002
         360   1.2813591185236626E-002
         361   1.2883762453286245E-002
         362   1.2954117191767141E-002
         363   1.3024655314039731E-002
         364   1.3095376733269090E-002
         365   1.3166281362425262E-002
         366   1.3237369114283427E-002
         367   1.3308639901424215E-002
         368   1.3380093636234009E-002
         369   1.3451730230905061E-002
         370   1.3523549597435954E-002
         371   1.3595551647631704E-002
         372   1.3667736293104063E-002
         373   1.3740103445271813E-002
         374   1.3812653015361028E-002
         375   1.3885384914405352E-002
         376   1.3958299053246219E-002
         377   1.4031395342533209E-002
         378   1.4104673692724128E-002
         379   1.4178134014085493E-002
         380   1.4251776216692614E-002
         381   1.4325600210429935E-002
         382   1.4399605904991290E-002
         383   1.4473793209880282E-002
         384   1.4548162034410282E-002
         385   1.4622712287705016E-002
         386   1.4697443878698622E-002
         387   1.4772356716135901E-002
         388   1.4847450708572713E-002
         389   1.4922725764376194E-002
         390   1.4998181791724963E-002
         391   1.5073818698609420E-002
         392   1.5149636392832117E-002
         393   1.5225634782007840E-002
         394   1.5301813773564031E-002
         395   1.5378173274740925E-002
         396   1.5454713192591934E-002
         397   1.5531433433983877E-002
         398   1.5608333905597233E-002
         399   1.5685414513926393E-002
         400   1.5762675165279936E-002
         401   1.5840115765780909E-002
         402   1.5917736221367131E-002
         403   1.5995536437791467E-002
         404   1.6073516320622004E-002
         405   1.6151675775242357E-002
         406   1.6230014706851953E-002
         407   1.6308533020466316E-002
         408   1.6387230620917358E-002
         409   1.6466107412853533E-002
         410   1.6545163300740195E-002
         411   1.6624398188859926E-002
         412   1.6703811981312607E-002
         413   1.6783404582015864E-002
         414   1.6863175894705346E-002
         415   1.6943125822934904E-002
         416   1.7023254270076834E-002
         417   1.7103561139322258E-002
         418   1.7184046333681313E-002
         419   1.7264709755983470E-002
         420   1.7345551308877775E-002
         421   1.7426570894833130E-002
         422   1.7507768416138519E-002
         423   1.7589143774903358E-002
         424   1.7670696873057709E-002
         425   1.7752427612352559E-002
         426   1.7834335894360148E-002
         427   1.7916421620474122E-002
         428   1.7998684691909933E-002
         429   1.8081125009704997E-002
         430   1.8163742474719063E-002
         431   1.8246536987634360E-002
         432   1.8329508448955985E-002
         433   1.8412656759012162E-002
         434   1.8495981817954435E-002
         435   1.8579483525758077E-002
         436   1.8663161782222229E-002
         437   1.8747016486970216E-002
         438   1.8831047539449863E-002
         439   1.8915254838933686E-002
         440   1.8999638284519175E-002
         441   1.9084197775129100E-002
         442   1.9168933209511824E-002
         443   1.9253844486241505E-002
         444   1.9338931503718376E-002
         445   1.9424194160169061E-002
         446   1.9509632353646830E-002
         447   1.9595245982031839E-002
         448   1.9681034943031427E-002
         449   1.9766999134180421E-002
         450   1.9853138452841361E-002
         451   1.9939452796204762E-002
         452   2.0025942061289440E-002
         453   2.0112606144942764E-002
         454   2.0199444943840936E-002
         455   2.0286458354489272E-002
         456   2.0373646273222419E-002
         457   2.0461008596204672E-002
         458   2.0548545219430274E-002
         459   2.0636256038723648E-002
         460   2.0724140949739719E-002
         461   2.0812199847964129E-002
         462   2.0900432628713526E-002
         463   2.0988839187135899E-002
         464   2.1077419418210730E-002
         465   2.1166173216749389E-002
         466   2.1255100477395417E-002
         467   2.1344201094624676E-002
         468   2.1433474962745752E-002
         469   2.1522921975900160E-002
         470   2.1612542028062648E-002
         471   2.1702335013041439E-002
         472   2.1792300824478590E-002
         473   2.1882439355850183E-002
         474   2.1972750500466601E-002
         475   2.2063234151472849E-002
         476   2.2153890201848860E-002
         477   2.2244718544409674E-002
         478   2.2335719071805794E-002
         479   2.2426891676523487E-002
         480   2.2518236250884966E-002
         481   2.2609752687048758E-002
         482   2.2701440877009864E-002
         483   2.2793300712600204E-002
         484   2.2885332085488791E-002
         485   2.2977534887181954E-002
         486   2.3069909009023764E-002
         487   2.3162454342196225E-002
         488   2.3255170777719530E-002
         489   2.3348058206452443E-002
         490   2.3441116519092493E-002
         491   2.3534345606176236E-002
         492   2.3627745358079658E-002
         493   2.3721315665018269E-002
         494   2.3815056417047526E-002
         495   2.3908967504063093E-002
         496   2.4003048815801047E-002
         497   2.4097300241838218E-002
         498   2.4191721671592534E-002
         499   2.4286312994323132E-002
         500   2.4381074099130814E-002
         501   2.4476004874958164E-002
         502   2.4571105210590000E-002
         503   2.4666374994653562E-002
         504   2.4761814115618772E-002
         505   2.4857422461798562E-002
         506   2.4953199921349145E-002
         507   2.5049146382270262E-002
         508   2.5145261732405493E-002
         509   2.5241545859442573E-002
         510   2.5337998650913535E-002
         511   2.5434619994195221E-002
         512   2.5531409776509344E-002
         513   2.5628367884922901E-002
         514   2.5725494206348436E-002
         515   2.5822788627544314E-002
         516   2.5920251035114930E-002
         517   2.6017881315511079E-002
         518   2.6115679355030279E-002
         519   2.6213645039816925E-002
         520   2.6311778255862613E-002
         521   2.6410078889006525E-002
         522   2.6508546824935475E-002
         523   2.6607181949184523E-002
         524   2.6705984147137023E-002
         525   2.6804953304024916E-002
         526   2.6904089304929074E-002
         527   2.7003392034779604E-002
         528   2.7102861378356102E-002
         529   2.7202497220287909E-002
         530   2.7302299445054440E-002
         531   2.7402267936985341E-002
         532   2.7502402580260991E-002
         533   2.7602703258912599E-002
         534   2.7703169856822647E-002
         535   2.7803802257724955E-002
         536   2.7904600345205224E-002
         537   2.8005564002701062E-002
         538   2.8106693113502477E-002
         539   2.8207987560752070E-002
         540   2.8309447227445286E-002
         541   2.8411071996430736E-002
         542   2.8512861750410526E-002
         543   2.8614816371940487E-002
         544   2.8716935743430400E-002
         545   2.8819219747144423E-002
         546   2.8921668265201320E-002
         547   2.9024281179574646E-002
         548   2.9127058372093173E-002
         549   2.9229999724441097E-002
         550   2.9333105118158332E-002
         551   2.9436374434640790E-002
         552   2.9539807555140674E-002
         553   2.9643404360766776E-002
         554   2.9747164732484756E-002
         555   2.9851088551117375E-002
         556   2.9955175697344849E-002
         557   3.0059426051705158E-002
         558   3.0163839494594197E-002
         559   3.0268415906266236E-002
         560   3.0373155166834101E-002
         561   3.0478057156269438E-002
         562   3.0583121754403052E-002
         563   3.0688348840925122E-002
         564   3.0793738295385630E-002
         565   3.0899289997194521E-002
         566   3.1005003825621980E-002
         567   3.1110879659798873E-002
         568   3.1216917378716808E-002
         569   3.1323116861228559E-002
         570   3.1429477986048344E-002
         571   3.1536000631752145E-002
         572   3.1642684676777839E-002
         573   3.1749529999425687E-002
         574   3.1856536477858445E-002
         575   3.1963703990101733E-002
         576   3.2071032414044402E-002
         577   3.2178521627438728E-002
         578   3.2286171507900557E-002
         579   3.2393981932909911E-002
         580   3.2501952779810953E-002
         581   3.2610083925812564E-002
         582   3.2718375247988457E-002
         583   3.2826826623277489E-002
         584   3.2935437928483961E-002
         585   3.3044209040277869E-002
         586   3.3153139835195265E-002
         587   3.3262230189638489E-002
         588   3.3371479979876488E-002
         589   3.3480889082045107E-002
         590   3.3590457372147269E-002
         591   3.3700184726053468E-002
         592   3.3810071019501869E-002
         593   3.3920116128098657E-002
         594   3.4030319927318330E-002
         595   3.4140682292504103E-002
         596   3.4251203098867998E-002
         597   3.4361882221491183E-002
         598   3.4472719535324423E-002
         599   3.4583714915188087E-002
         600   3.4694868235772738E-002
         601   3.4806179371639191E-002
         602   3.4917648197218903E-002
         603   3.5029274586814284E-002
         604   3.5141058414598983E-002
         605   3.5252999554618032E-002
         606   3.5365097880788315E-002
         607   3.5477353266898777E-002
         608   3.5589765586610707E-002
         609   3.5702334713458059E-002
         610   3.5815060520847687E-002
         611   3.5927942882059728E-002
         612   3.6040981670247815E-002
         613   3.6154176758439370E-002
         614   3.6267528019536005E-002
         615   3.6381035326313572E-002
         616   3.6494698551422726E-002
         617   3.6608517567389066E-002
         618   3.6722492246613378E-002
         619   3.6836622461371975E-002
         620   3.6950908083817159E-002
         621   3.7065348985977194E-002
         622   3.7179945039756780E-002
         623   3.7294696116937393E-002
         624   3.7409602089177499E-002
         625   3.7524662828012749E-002
         626   3.7639878204856425E-002
         627   3.7755248090999727E-002
         628   3.7870772357611958E-002
         629   3.7986450875740846E-002
         630   3.8102283516312931E-002
         631   3.8218270150133703E-002
         632   3.8334410647887965E-002
         633   3.8450704880140192E-002
         634   3.8567152717334706E-002
         635   3.8683754029796021E-002
         636   3.8800508687729093E-002
         637   3.8917416561219720E-002
         638   3.9034477520234749E-002
         639   3.9151691434622257E-002
         640   3.9269058174112130E-002
         641   3.9386577608316056E-002
         642   3.9504249606728013E-002
         643   3.9622074038724406E-002
         644   3.9740050773564517E-002
         645   3.9858179680390717E-002
         646   3.9976460628228710E-002
         647   4.0094893485987895E-002
         648   4.0213478122461628E-002
         649   4.0332214406327532E-002
         650   4.0451102206147747E-002
         651   4.0570141390369338E-002
         652   4.0689331827324350E-002
         653   4.0808673385230435E-002
         654   4.0928165932190792E-002
         655   4.1047809336194709E-002
         656   4.1167603465117691E-002
         657   4.1287548186721902E-002
         658   4.1407643368656294E-002
         659   4.1527888878456994E-002
         660   4.1648284583547704E-002
         661   4.1768830351239801E-002
         662   4.1889526048732598E-002
         663   4.2010371543113871E-002
         664   4.2131366701359967E-002
         665   4.2252511390336110E-002
         666   4.2373805476796776E-002
         667   4.2495248827385902E-002
         668   4.2616841308637202E-002
         669   4.2738582786974545E-002
         670   4.2860473128712016E-002
         671   4.2982512200054557E-002
         672   4.3104699867097807E-002
         673   4.3227035995828916E-002
         674   4.3349520452126387E-002
         675   4.3472153101760565E-002
         676   4.3594933810393942E-002
         677   4.3717862443581425E-002
         678   4.3840938866770658E-002
         679   4.3964162945302178E-002
         680   4.4087534544409855E-002
         681   4.4211053529221146E-002
         682   4.4334719764757308E-002
         683   4.4458533115933917E-002
         684   4.4582493447560795E-002
         685   4.4706600624342591E-002
         686   4.4830854510878988E-002
         687   4.4955254971664957E-002
         688   4.5079801871091153E-002
         689   4.5204495073444075E-002
         690   4.5329334442906460E-002
         691   4.5454319843557522E-002
         692   4.5579451139373256E-002
         693   4.5704728194226711E-002
         694   4.5830150871888388E-002
         695   4.5955719036026313E-002
         696   4.6081432550206490E-002
         697   4.6207291277893282E-002
         698   4.6333295082449467E-002
         699   4.6459443827136716E-002
         700   4.6585737375115753E-002
         701   4.6712175589446833E-002
         702   4.6838758333089744E-002
         703   4.6965485468904417E-002
         704   4.7092356859650950E-002
         705   4.7219372367990106E-002
         706   4.7346531856483576E-002
         707   4.7473835187594099E-002
         708   4.7601282223685822E-002
         709   4.7728872827024760E-002
         710   4.7856606859778904E-002
         711   4.7984484184018641E-002
         712   4.8112504661716959E-002
         713   4.8240668154749713E-002
         714   4.8368974524896031E-002
         715   4.8497423633838521E-002
         716   4.8626015343163541E-002
         717   4.8754749514361595E-002
         718   4.8883626008827570E-002
         719   4.9012644687860998E-002
         720   4.9141805412666301E-002
         721   4.9271108044353244E-002
         722   4.9400552443937193E-002
         723   4.9530138472339232E-002
         724   4.9659865990386590E-002
         725   4.9789734858812995E-002
         726   4.9919744938258841E-002
         727   5.0049896089271531E-002
         728   5.0180188172305726E-002
         729   5.0310621047723755E-002
         730   5.0441194575795795E-002
         731   5.0571908616700190E-002
         732   5.0702763030523776E-002
         733   5.0833757677262129E-002
         734   5.0964892416819861E-002
         735   5.1096167109011000E-002
         736   5.1227581613559080E-002
         737   5.1359135790097710E-002
         738   5.1490829498170590E-002
         739   5.1622662597232007E-002
         740   5.1754634946646984E-002
         741   5.1886746405691693E-002
         742   5.2018996833553703E-002
         743   5.2151386089332168E-002
         744   5.2283914032038352E-002
         745   5.2416580520595647E-002
         746   5.2549385413840126E-002
         747   5.2682328570520590E-002
         748   5.2815409849299041E-002
         749   5.2948629108750776E-002
         750   5.3081986207364942E-002
         751   5.3215481003544715E-002
         752   5.3349113355607436E-002
         753   5.3482883121785181E-002
         754   5.3616790160224817E-002
         755   5.3750834328988410E-002
         756   5.3885015486053518E-002
         757   5.4019333489313398E-002
         758   5.4153788196577485E-002
         759   5.4288379465571350E-002
         760   5.4423107153937340E-002
         761   5.4557971119234674E-002
         762   5.4692971218939748E-002
         763   5.4828107310446572E-002
         764   5.4963379251066834E-002
         765   5.5098786898030321E-002
         766   5.5234330108485226E-002
         767   5.5370008739498461E-002
         768   5.5505822648055869E-002
         769   5.5641771691062464E-002
         770   5.5777855725342829E-002
         771   5.5914074607641445E-002
         772   5.6050428194622838E-002
         773   5.6186916342871977E-002
         774   5.6323538908894459E-002
         775   5.6460295749117005E-002
         776   5.6597186719887539E-002
         777   5.6734211677475527E-002
         778   5.6871370478072482E-002
         779   5.7008662977791814E-002
         780   5.7146089032669531E-002
         781   5.7283648498664352E-002
         782   5.7421341231657964E-002
         783   5.7559167087455530E-002
         784   5.7697125921785615E-002
         785   5.7835217590300768E-002
         786   5.7973441948577779E-002
         787   5.8111798852117848E-002
         788   5.8250288156346960E-002
         789   5.8388909716616158E-002
         790   5.8527663388201860E-002
         791   5.8666549026306102E-002
         792   5.8805566486056837E-002
         793   5.8944715622508304E-002
         794   5.9083996290641164E-002
         795   5.9223408345362938E-002
         796   5.9362951641508219E-002
         797   5.9502626033838948E-002
         798   5.9642431377044718E-002
         799   5.9782367525743209E-002
         800   5.9922434334480176E-002
         801   6.0062631657730008E-002
         802   6.0202959349895981E-002
         803   6.0343417265310319E-002
         804   6.0484005258234816E-002
         805   6.0624723182860892E-002
         806   6.0765570893310028E-002
         807   6.0906548243633805E-002
         808   6.1047655087814547E-002
         809   6.1188891279765373E-002
         810   6.1330256673330523E-002
         811   6.1471751122285784E-002
         812   6.1613374480338497E-002
         813   6.1755126601128141E-002
         814   6.1897007338226409E-002
         815   6.2039016545137625E-002
         816   6.2181154075299047E-002
         817   6.2323419782081037E-002
         818   6.2465813518787397E-002
         819   6.2608335138655768E-002
         820   6.2750984494857720E-002
         821   6.2893761440499241E-002
         822   6.3036665828620858E-002
         823   6.3179697512198069E-002
         824   6.3322856344141559E-002
         825   6.3466142177297347E-002
         826   6.3609554864447429E-002
         827   6.3753094258309675E-002
         828   6.3896760211538464E-002
         829   6.4040552576724627E-002
         830   6.4184471206396032E-002
         831   6.4328515953017792E-002
         832   6.4472686668992418E-002
         833   6.4616983206660247E-002
         834   6.4761405418299681E-002
         835   6.4905953156127530E-002
         836   6.5050626272299225E-002
         837   6.5195424618909106E-002
         838   6.5340348047990784E-002
         839   6.5485396411517308E-002
         840   6.5630569561401578E-002
         841   6.5775867349496656E-002
         842   6.5921289627595872E-002
         843   6.6066836247433189E-002
         844   6.6212507060683629E-002
         845   6.6358301918963344E-002
         846   6.6504220673830133E-002
         847   6.6650263176783395E-002
         848   6.6796429279264838E-002
         849   6.6942718832658343E-002
         850   6.7089131688290671E-002
         851   6.7235667697431445E-002
         852   6.7382326711293530E-002
         853   6.7529108581033281E-002
         854   6.7676013157750944E-002
         855   6.7823040292490769E-002
         856   6.7970189836241507E-002
         857   6.8117461639936497E-002
         858   6.8264855554454079E-002
         859   6.8412371430617763E-002
         860   6.8560009119196741E-002
         861   6.8707768470905858E-002
         862   6.8855649336406199E-002
         863   6.9003651566305030E-002
         864   6.9151775011156533E-002
         865   6.9300019521461725E-002
         866   6.9448384947668904E-002
         867   6.9596871140173877E-002
         868   6.9745477949320192E-002
         869   6.9894205225399603E-002
         870   7.0043052818652224E-002
         871   7.0192020579266837E-002
         872   7.0341108357381152E-002
         873   7.0490316003082143E-002
         874   7.0639643366406241E-002
         875   7.0789090297339735E-002
         876   7.0938656645819026E-002
         877   7.1088342261730872E-002
         878   7.1238146994912571E-002
         879   7.1388070695152628E-002
         880   7.1538113212190613E-002
         881   7.1688274395717552E-002
         882   7.1838554095376456E-002
         883   7.1988952160762135E-002
         884   7.2139468441422036E-002
         885   7.2290102786856103E-002
         886   7.2440855046517177E-002
         887   7.2591725069811486E-002
         888   7.2742712706098597E-002
         889   7.2893817804691924E-002
         890   7.3045040214859025E-002
         891   7.3196379785821664E-002
         892   7.3347836366756292E-002
         893   7.3499409806794189E-002
         894   7.3651099955021893E-002
         895   7.3802906660481518E-002
         896   7.3954829772170827E-002
         897   7.4106869139043643E-002
         898   7.4259024610010119E-002
         899   7.4411296033936938E-002
         900   7.4563683259647837E-002
         901   7.4716186135923637E-002
         902   7.4868804511502615E-002
         903   7.5021538235080801E-002
         904   7.5174387155312217E-002
         905   7.5327351120809211E-002
         906   7.5480429980142635E-002
         907   7.5633623581842280E-002
         908   7.5786931774397104E-002
         909   7.5940354406255323E-002
         910   7.6093891325825100E-002
         911   7.6247542381474423E-002
         912   7.6401307421531686E-002
         913   7.6555186294285635E-002
         914   7.6709178847985948E-002
         915   7.6863284930843406E-002
         916   7.7017504391030223E-002
         917   7.7171837076680197E-002
         918   7.7326282835889215E-002
         919   7.7480841516715221E-002
         920   7.7635512967178827E-002
         921   7.7790297035263231E-002
         922   7.7945193568915036E-002
         923   7.8100202416043804E-002
         924   7.8255323424523029E-002
         925   7.8410556442189958E-002
         926   7.8565901316846001E-002
         927   7.8721357896257116E-002
         928   7.8876926028154160E-002
         929   7.9032605560232699E-002
         930   7.9188396340153802E-002
         931   7.9344298215544062E-002
         932   7.9500311033995935E-002
         933   7.9656434643067958E-002
         934   7.9812668890285210E-002
         935   7.9969013623139379E-002
         936   8.0125468689089194E-002
         937   8.0282033935560534E-002
         938   8.0438709209946904E-002
         939   8.0595494359609596E-002
         940   8.0752389231877900E-002
         941   8.0909393674049632E-002
         942   8.1066507533391091E-002
         943   8.1223730657137519E-002
         944   8.1381062892493430E-002
         945   8.1538504086632713E-002
         946   8.1696054086699194E-002
         947   8.1853712739806461E-002
         948   8.2011479893038600E-002
         949   8.2169355393450105E-002
         950   8.2327339088066540E-002
         951   8.2485430823884306E-002
         952   8.2643630447871472E-002
         953   8.2801937806967624E-002
         954   8.2960352748084443E-002
         955   8.3118875118105645E-002
         956   8.3277504763887678E-002
         957   8.3436241532259522E-002
         958   8.3595085270023434E-002
         959   8.3754035823954867E-002
         960   8.3913093040802925E-002
         961   8.4072256767290549E-002
         962   8.4231526850114924E-002
         963   8.4390903135947534E-002
         964   8.4550385471434633E-002
         965   8.4709973703197508E-002
         966   8.4869667677832591E-002
         967   8.5029467241911946E-002
         968   8.5189372241983308E-002
         969   8.5349382524570583E-002
         970   8.5509497936173989E-002
         971   8.5669718323270416E-002
         972   8.5830043532313438E-002
         973   8.5990473409734050E-002
         974   8.6151007801940543E-002
         975   8.6311646555318838E-002
         976   8.6472389516233053E-002
         977   8.6633236531025393E-002
         978   8.6794187446016594E-002
         979   8.6955242107506270E-002
         980   8.7116400361772997E-002
         981   8.7277662055074881E-002
         982   8.7439027033649350E-002
         983   8.7600495143713875E-002
         984   8.7762066231466138E-002
         985   8.7923740143084100E-002
         986   8.8085516724726490E-002
         987   8.8247395822533062E-002
         988   8.8409377282624671E-002
         989   8.8571460951103867E-002
         990   8.8733646674054742E-002
         991   8.8895934297543583E-002
         992   8.9058323667618913E-002
         993   8.9220814630312048E-002
         994   8.9383407031636872E-002
         995   8.9546100717590532E-002
         996   8.9708895534153496E-002
         997   8.9871791327290090E-002
         998   9.0034787942948211E-002
         999   9.0197885227060390E-002
        1000   9.0361083025543285E-002
