           1   1.0741872873971155E-006
           2   1.5763827207500429E-006
           3   2.2397714981731444E-006
           4   3.0691905499387625E-006
           5   4.0744848417284433E-006
           6   5.2624206302807113E-006
           7   6.6371227138788992E-006
           8   8.2013528213759325E-006
           9   9.9570496632693615E-006
          10   1.1905434639185776E-005
          11   1.4047556515529202E-005
          12   1.6384162483597677E-005
          13   1.8915005731115304E-005
          14   2.1639797762260295E-005
          15   2.4558509790594278E-005
          16   2.7671130227780965E-005
          17   3.0977610637518372E-005
          18   3.4477888398529264E-005
          19   3.8171943610051496E-005
          20   4.2059789029860578E-005
          21   4.6141448991831139E-005
          22   5.0416949883460218E-005
          23   5.4886316589442016E-005
          24   5.9549571255662073E-005
          25   6.4406732970480581E-005
          26   6.9457817819031011E-005
          27   7.4702839085090652E-005
          28   8.0141807501806284E-005
          29   8.5774731507378728E-005
          30   9.1601617486180154E-005
          31   9.7622469987807605E-005
          32   1.0383729192238526E-004
          33   1.1024608473216496E-004
          34   1.1684884854164677E-004
          35   1.2364558228832460E-004
          36   1.3063628383638558E-004
          37   1.3782095007540155E-004
          38   1.4519957700622952E-004
          39   1.5277215981542600E-004
          40   1.6053869294031524E-004
          41   1.6849917012545792E-004
          42   1.7665358447224158E-004
          43   1.8500192848198806E-004
          44   1.9354419409390059E-004
          45   2.0228037271830367E-004
          46   2.1121045526591932E-004
          47   2.2033443217369655E-004
          48   2.2965229342749452E-004
          49   2.3916402858231066E-004
          50   2.4886962678017288E-004
          51   2.5876907676600024E-004
          52   2.6886236690171558E-004
          53   2.7914948517895503E-004
          54   2.8963041923030361E-004
          55   3.0030515633933986E-004
          56   3.1117368344975901E-004
          57   3.2223598717341244E-004
          58   3.3349205379774611E-004
          59   3.4494186929235547E-004
          60   3.5658541931496841E-004
          61   3.6842268921683489E-004
          62   3.8045366404759864E-004
          63   3.9267832855982695E-004
          64   4.0509666721290843E-004
          65   4.1770866417690285E-004
          66   4.3051430333585530E-004
          67   4.4351356829082161E-004
          68   4.5670644236271376E-004
          69   4.7009290859489032E-004
          70   4.8367294975551841E-004
          71   4.9744654833975448E-004
          72   5.1141368657188165E-004
          73   5.2557434640694090E-004
          74   5.3992850953266482E-004
          75   5.5447615737100461E-004
          76   5.6921727107962035E-004
          77   5.8415183155318415E-004
          78   5.9927981942479265E-004
          79   6.1460121506709260E-004
          80   6.3011599859345293E-004
          81   6.4582414985900219E-004
          82   6.6172564846150980E-004
          83   6.7782047374248912E-004
          84   6.9410860478803847E-004
          85   7.1059002042958401E-004
          86   7.2726469924473929E-004
          87   7.4413261955798195E-004
          88   7.6119375944141618E-004
          89   7.7844809671544809E-004
          90   7.9589560894938432E-004
          91   8.1353627346214021E-004
          92   8.3137006732263619E-004
          93   8.4939696735056248E-004
          94   8.6761695011679598E-004
          95   8.8602999194396835E-004
          96   9.0463606890698353E-004
          97   9.2343515683344446E-004
          98   9.4242723130411737E-004
          99   9.6161226765343135E-004
         100   9.8099024096994186E-004
         101   1.0005611260966176E-003
         102   1.0203248976313833E-003
         103   1.0402815299274883E-003
         104   1.0604309970939044E-003
         105   1.0807732729956737E-003
         106   1.1013083312542916E-003
         107   1.1220361452481070E-003
         108   1.1429566881126715E-003
         109   1.1640699327410508E-003
         110   1.1853758517842046E-003
         111   1.2068744176512900E-003
         112   1.2285656025100274E-003
         113   1.2504493782870372E-003
         114   1.2725257166681582E-003
         115   1.2947945890987621E-003
         116   1.3172559667839819E-003
         117   1.3399098206890857E-003
         118   1.3627561215398744E-003
         119   1.3857948398228424E-003
         120   1.4090259457854900E-003
         121   1.4324494094366386E-003
         122   1.4560652005467416E-003
         123   1.4798732886481918E-003
         124   1.5038736430355605E-003
         125   1.5280662327658398E-003
         126   1.5524510266588583E-003
         127   1.5770279932973146E-003
         128   1.6017971010273170E-003
         129   1.6267583179585185E-003
         130   1.6519116119643731E-003
         131   1.6772569506823473E-003
         132   1.7027943015143446E-003
         133   1.7285236316268559E-003
         134   1.7544449079512480E-003
         135   1.7805580971839926E-003
         136   1.8068631657869436E-003
         137   1.8333600799875357E-003
         138   1.8600488057791049E-003
         139   1.8869293089211127E-003
         140   1.9140015549394210E-003
         141   1.9412655091264497E-003
         142   1.9687211365415069E-003
         143   1.9963684020110014E-003
         144   2.0242072701287086E-003
         145   2.0522377052559436E-003
         146   2.0804596715218115E-003
         147   2.1088731328234912E-003
         148   2.1374780528264472E-003
         149   2.1662743949646996E-003
         150   2.1952621224409926E-003
         151   2.2244411982270743E-003
         152   2.2538115850639405E-003
         153   2.2833732454619442E-003
         154   2.3131261417011950E-003
         155   2.3430702358316607E-003
         156   2.3732054896734283E-003
         157   2.4035318648169611E-003
         158   2.4340493226233709E-003
         159   2.4647578242244644E-003
         160   2.4956573305231636E-003
         161   2.5267478021935804E-003
         162   2.5580291996813581E-003
         163   2.5895014832038135E-003
         164   2.6211646127501779E-003
         165   2.6530185480818885E-003
         166   2.6850632487327147E-003
         167   2.7172986740090152E-003
         168   2.7497247829899405E-003
         169   2.7823415345277088E-003
         170   2.8151488872477752E-003
         171   2.8481467995490465E-003
         172   2.8813352296040953E-003
         173   2.9147141353594880E-003
         174   2.9482834745357860E-003
         175   2.9820432046280009E-003
         176   3.0159932829056926E-003
         177   3.0501336664131495E-003
         178   3.0844643119697355E-003
         179   3.1189851761699657E-003
         180   3.1536962153838788E-003
         181   3.1885973857570969E-003
         182   3.2236886432111412E-003
         183   3.2589699434436062E-003
         184   3.2944412419283935E-003
         185   3.3301024939159079E-003
         186   3.3659536544333158E-003
         187   3.4019946782847432E-003
         188   3.4382255200515115E-003
         189   3.4746461340923163E-003
         190   3.5112564745434119E-003
         191   3.5480564953189199E-003
         192   3.5850461501110496E-003
         193   3.6222253923902290E-003
         194   3.6595941754053608E-003
         195   3.6971524521840471E-003
         196   3.7349001755327439E-003
         197   3.7728372980371026E-003
         198   3.8109637720621183E-003
         199   3.8492795497522812E-003
         200   3.8877845830319192E-003
         201   3.9264788236053373E-003
         202   3.9653622229570834E-003
         203   4.0044347323520734E-003
         204   4.0436963028358808E-003
         205   4.0831468852349688E-003
         206   4.1227864301568657E-003
         207   4.1626148879903326E-003
         208   4.2026322089057551E-003
         209   4.2428383428551788E-003
         210   4.2832332395725623E-003
         211   4.3238168485741175E-003
         212   4.3645891191583606E-003
         213   4.4055500004064104E-003
         214   4.4466994411822428E-003
         215   4.4880373901328196E-003
         216   4.5295637956884053E-003
         217   4.5712786060626703E-003
         218   4.6131817692529695E-003
         219   4.6552732330406420E-003
         220   4.6975529449911121E-003
         221   4.7400208524541040E-003
         222   4.7826769025639659E-003
         223   4.8255210422398038E-003
         224   4.8685532181857311E-003
         225   4.9117733768909875E-003
         226   4.9551814646303979E-003
         227   4.9987774274643289E-003
         228   5.0425612112391539E-003
         229   5.0865327615872112E-003
         230   5.1306920239272691E-003
         231   5.1750389434645824E-003
         232   5.2195734651911928E-003
         233   5.2642955338860634E-003
         234   5.3092050941154862E-003
         235   5.3543020902330398E-003
         236   5.3995864663800852E-003
         237   5.4450581664857514E-003
         238   5.4907171342673759E-003
         239   5.5365633132305001E-003
         240   5.5825966466692906E-003
         241   5.6288170776666530E-003
         242   5.6752245490945177E-003
         243   5.7218190036139914E-003
         244   5.7686003836756811E-003
         245   5.8155686315197897E-003
         246   5.8627236891764176E-003
         247   5.9100654984658154E-003
         248   5.9575940009985832E-003
         249   6.0053091381758704E-003
         250   6.0532108511896299E-003
         251   6.1012990810228474E-003
         252   6.1495737684497571E-003
         253   6.1980348540360500E-003
         254   6.2466822781391713E-003
         255   6.2955159809084298E-003
         256   6.3445359022853325E-003
         257   6.3937419820037453E-003
         258   6.4431341595901775E-003
         259   6.4927123743639750E-003
         260   6.5424765654375589E-003
         261   6.5924266717166148E-003
         262   6.6425626319004012E-003
         263   6.6928843844819052E-003
         264   6.7433918677481533E-003
         265   6.7940850197803493E-003
         266   6.8449637784541743E-003
         267   6.8960280814399869E-003
         268   6.9472778662030381E-003
         269   6.9987130700036931E-003
         270   7.0503336298977275E-003
         271   7.1021394827365048E-003
         272   7.1541305651673017E-003
         273   7.2063068136333543E-003
         274   7.2586681643742766E-003
         275   7.3112145534261746E-003
         276   7.3639459166218888E-003
         277   7.4168621895912903E-003
         278   7.4699633077614531E-003
         279   7.5232492063569273E-003
         280   7.5767198203999806E-003
         281   7.6303750847107792E-003
         282   7.6842149339076569E-003
         283   7.7382393024073206E-003
         284   7.7924481244251225E-003
         285   7.8468413339752990E-003
         286   7.9014188648711819E-003
         287   7.9561806507253766E-003
         288   8.0111266249500244E-003
         289   8.0662567207571388E-003
         290   8.1215708711587248E-003
         291   8.1770690089670930E-003
         292   8.2327510667950052E-003
         293   8.2886169770560233E-003
         294   8.3446666719645957E-003
         295   8.4009000835364410E-003
         296   8.4573171435886954E-003
         297   8.5139177837401520E-003
         298   8.5707019354115711E-003
         299   8.6276695298258196E-003
         300   8.6848204980082104E-003
         301   8.7421547707866344E-003
         302   8.7996722787918244E-003
         303   8.8573729524576879E-003
         304   8.9152567220213315E-003
         305   8.9733235175235761E-003
         306   9.0315732688089623E-003
         307   9.0900059055261141E-003
         308   9.1486213571279618E-003
         309   9.2074195528718747E-003
         310   9.2664004218200782E-003
         311   9.3255638928397434E-003
         312   9.3849098946033171E-003
         313   9.4444383555886656E-003
         314   9.5041492040793887E-003
         315   9.5640423681650211E-003
         316   9.6241177757413077E-003
         317   9.6843753545104265E-003
         318   9.7448150319812046E-003
         319   9.8054367354694204E-003
         320   9.8662403920979479E-003
         321   9.9272259287970736E-003
         322   9.9883932723046787E-003
         323   1.0049742349166561E-002
         324   1.0111273085736599E-002
         325   1.0172985408177017E-002
         326   1.0234879242458604E-002
         327   1.0296954514361040E-002
         328   1.0359211149473005E-002
         329   1.0421649073192469E-002
         330   1.0484268210727041E-002
         331   1.0547068487094087E-002
         332   1.0610049827121024E-002
         333   1.0673212155445467E-002
         334   1.0736555396515546E-002
         335   1.0800079474590231E-002
         336   1.0863784313739456E-002
         337   1.0927669837844382E-002
         338   1.0991735970597615E-002
         339   1.1055982635503475E-002
         340   1.1120409755878321E-002
         341   1.1185017254850691E-002
         342   1.1249805055361621E-002
         343   1.1314773080164760E-002
         344   1.1379921251826710E-002
         345   1.1445249492727292E-002
         346   1.1510757725059726E-002
         347   1.1576445870830877E-002
         348   1.1642313851861508E-002
         349   1.1708361589786541E-002
         350   1.1774589006055351E-002
         351   1.1840996021931869E-002
         352   1.1907582558494939E-002
         353   1.1974348536638523E-002
         354   1.2041293877071955E-002
         355   1.2108418500320144E-002
         356   1.2175722326723971E-002
         357   1.2243205276440339E-002
         358   1.2310867269442530E-002
         359   1.2378708225520327E-002
         360   1.2446728064280493E-002
         361   1.2514926705146742E-002
         362   1.2583304067360201E-002
         363   1.2651860069979518E-002
         364   1.2720594631881146E-002
         365   1.2789507671759667E-002
         366   1.2858599108127887E-002
         367   1.2927868859317236E-002
         368   1.2997316843477940E-002
         369   1.3066942978579223E-002
         370   1.3136747182409628E-002
         371   1.3206729372577249E-002
         372   1.3276889466509911E-002
         373   1.3347227381455476E-002
         374   1.3417743034482114E-002
         375   1.3488436342478505E-002
         376   1.3559307222154083E-002
         377   1.3630355590039389E-002
         378   1.3701581362486131E-002
         379   1.3772984455667592E-002
         380   1.3844564785578741E-002
         381   1.3916322268036588E-002
         382   1.3988256818680319E-002
         383   1.4060368352971806E-002
         384   1.4132656786195455E-002
         385   1.4205122033458847E-002
         386   1.4277764009692745E-002
         387   1.4350582629651318E-002
         388   1.4423577807912581E-002
         389   1.4496749458878513E-002
         390   1.4570097496775299E-002
         391   1.4643621835653603E-002
         392   1.4717322389388891E-002
         393   1.4791199071681534E-002
         394   1.4865251796057171E-002
         395   1.4939480475866877E-002
         396   1.5013885024287476E-002
         397   1.5088465354321789E-002
         398   1.5163221378798867E-002
         399   1.5238153010374190E-002
         400   1.5313260161529962E-002
         401   1.5388542744575358E-002
         402   1.5464000671646792E-002
         403   1.5539633854708234E-002
         404   1.5615442205551276E-002
         405   1.5691425635795515E-002
         406   1.5767584056888693E-002
         407   1.5843917380107153E-002
         408   1.5920425516555890E-002
         409   1.5997108377168827E-002
         410   1.6073965872709199E-002
         411   1.6150997913769689E-002
         412   1.6228204410772596E-002
         413   1.6305585273970274E-002
         414   1.6383140413445324E-002
         415   1.6460869739110828E-002
         416   1.6538773160710507E-002
         417   1.6616850587819119E-002
         418   1.6695101929842648E-002
         419   1.6773527096018530E-002
         420   1.6852125995415971E-002
         421   1.6930898536936124E-002
         422   1.7009844629312373E-002
         423   1.7088964181110597E-002
         424   1.7168257100729403E-002
         425   1.7247723296400362E-002
         426   1.7327362676188382E-002
         427   1.7407175147991741E-002
         428   1.7487160619542540E-002
         429   1.7567318998406835E-002
         430   1.7647650191984943E-002
         431   1.7728154107511628E-002
         432   1.7808830652056483E-002
         433   1.7889679732524085E-002
         434   1.7970701255654201E-002
         435   1.8051895128022230E-002
         436   1.8133261256039264E-002
         437   1.8214799545952447E-002
         438   1.8296509903845196E-002
         439   1.8378392235637447E-002
         440   1.8460446447085825E-002
         441   1.8542672443784075E-002
         442   1.8625070131163209E-002
         443   1.8707639414491745E-002
         444   1.8790380198876012E-002
         445   1.8873292389260419E-002
         446   1.8956375890427604E-002
         447   1.9039630606998845E-002
         448   1.9123056443434122E-002
         449   1.9206653304032567E-002
         450   1.9290421092932612E-002
         451   1.9374359714112201E-002
         452   1.9458469071389178E-002
         453   1.9542749068421381E-002
         454   1.9627199608707086E-002
         455   1.9711820595585142E-002
         456   1.9796611932235138E-002
         457   1.9881573521677867E-002
         458   1.9966705266775461E-002
         459   2.0052007070231588E-002
         460   2.0137478834591910E-002
         461   2.0223120462244119E-002
         462   2.0308931855418280E-002
         463   2.0394912916187120E-002
         464   2.0481063546466234E-002
         465   2.0567383648014338E-002
         466   2.0653873122433646E-002
         467   2.0740531871169924E-002
         468   2.0827359795512930E-002
         469   2.0914356796596503E-002
         470   2.1001522775398958E-002
         471   2.1088857632743305E-002
         472   2.1176361269297478E-002
         473   2.1264033585574573E-002
         474   2.1351874481933143E-002
         475   2.1439883858577483E-002
         476   2.1528061615557884E-002
         477   2.1616407652770741E-002
         478   2.1704921869958985E-002
         479   2.1793604166712357E-002
         480   2.1882454442467506E-002
         481   2.1971472596508355E-002
         482   2.2060658527966352E-002
         483   2.2150012135820643E-002
         484   2.2239533318898504E-002
         485   2.2329221975875380E-002
         486   2.2419078005275348E-002
         487   2.2509101305471211E-002
         488   2.2599291774684883E-002
         489   2.2689649310987544E-002
         490   2.2780173812300034E-002
         491   2.2870865176392884E-002
         492   2.2961723300886881E-002
         493   2.3052748083253020E-002
         494   2.3143939420812960E-002
         495   2.3235297210739230E-002
         496   2.3326821350055437E-002
         497   2.3418511735636610E-002
         498   2.3510368264209412E-002
         499   2.3602390832352386E-002
         500   2.3694579336496286E-002
         501   2.3786933672924161E-002
         502   2.3879453737771849E-002
         503   2.3972139427028125E-002
         504   2.4064990636534941E-002
         505   2.4158007261987705E-002
         506   2.4251189198935503E-002
         507   2.4344536342781414E-002
         508   2.4438048588782811E-002
         509   2.4531725832051435E-002
         510   2.4625567967553795E-002
         511   2.4719574890111545E-002
         512   2.4813746494401434E-002
         513   2.4908082674955857E-002
         514   2.5002583326163029E-002
         515   2.5097248342267127E-002
         516   2.5192077617368632E-002
         517   2.5287071045424690E-002
         518   2.5382228520249250E-002
         519   2.5477549935513280E-002
         520   2.5573035184745178E-002
         521   2.5668684161330956E-002
         522   2.5764496758514343E-002
         523   2.5860472869397463E-002
         524   2.5956612386940591E-002
         525   2.6052915203962801E-002
         526   2.6149381213142028E-002
         527   2.6246010307015368E-002
         528   2.6342802377979396E-002
         529   2.6439757318290340E-002
         530   2.6536875020064521E-002
         531   2.6634155375278190E-002
         532   2.6731598275768310E-002
         533   2.6829203613232475E-002
         534   2.6926971279229356E-002
         535   2.7024901165178888E-002
         536   2.7122993162362476E-002
         537   2.7221247161923263E-002
         538   2.7319663054866505E-002
         539   2.7418240732059795E-002
         540   2.7516980084233204E-002
         541   2.7615881001979668E-002
         542   2.7714943375755228E-002
         543   2.7814167095879284E-002
         544   2.7913552052534762E-002
         545   2.8013098135768556E-002
         546   2.8112805235491662E-002
         547   2.8212673241479462E-002
         548   2.8312702043372027E-002
         549   2.8412891530674330E-002
         550   2.8513241592756509E-002
         551   2.8613752118854165E-002
         552   2.8714422998068544E-002
         553   2.8815254119366956E-002
         554   2.8916245371582844E-002
         555   2.9017396643416172E-002
         556   2.9118707823433624E-002
         557   2.9220178800068972E-002
         558   2.9321809461623209E-002
         559   2.9423599696264853E-002
         560   2.9525549392030330E-002
         561   2.9627658436824029E-002
         562   2.9729926718418641E-002
         563   2.9832354124455489E-002
         564   2.9934940542444676E-002
         565   3.0037685859765555E-002
         566   3.0140589963666749E-002
         567   3.0243652741266523E-002
         568   3.0346874079553058E-002
         569   3.0450253865384611E-002
         570   3.0553791985490016E-002
         571   3.0657488326468696E-002
         572   3.0761342774790961E-002
         573   3.0865355216798528E-002
         574   3.0969525538704277E-002
         575   3.1073853626593088E-002
         576   3.1178339366421750E-002
         577   3.1282982644019366E-002
         578   3.1387783345087399E-002
         579   3.1492741355200249E-002
         580   3.1597856559805251E-002
         581   3.1703128844223175E-002
         582   3.1808558093648319E-002
         583   3.1914144193148739E-002
         584   3.2019887027666741E-002
         585   3.2125786482018859E-002
         586   3.2231842440896309E-002
         587   3.2338054788865145E-002
         588   3.2444423410366678E-002
         589   3.2550948189717564E-002
         590   3.2657629011110051E-002
         591   3.2764465758612533E-002
         592   3.2871458316169389E-002
         593   3.2978606567601577E-002
         594   3.3085910396606757E-002
         595   3.3193369686759649E-002
         596   3.3300984321512163E-002
         597   3.3408754184193631E-002
         598   3.3516679158011452E-002
         599   3.3624759126050764E-002
         600   3.3732993971275230E-002
         601   3.3841383576526954E-002
         602   3.3949927824526924E-002
         603   3.4058626597875265E-002
         604   3.4167479779051477E-002
         605   3.4276487250414621E-002
         606   3.4385648894203667E-002
         607   3.4494964592537772E-002
         608   3.4604434227416464E-002
         609   3.4714057680719987E-002
         610   3.4823834834209449E-002
         611   3.4933765569527313E-002
         612   3.5043849768197341E-002
         613   3.5154087311625219E-002
         614   3.5264478081098526E-002
         615   3.5375021957787099E-002
         616   3.5485718822743317E-002
         617   3.5596568556902436E-002
         618   3.5707571041082631E-002
         619   3.5818726155985449E-002
         620   3.5930033782196072E-002
         621   3.6041493800183427E-002
         622   3.6153106090300584E-002
         623   3.6264870532784987E-002
         624   3.6376787007758787E-002
         625   3.6488855395228927E-002
         626   3.6601075575087572E-002
         627   3.6713447427112286E-002
         628   3.6825970830966406E-002
         629   3.6938645666199123E-002
         630   3.7051471812245891E-002
         631   3.7164449148428716E-002
         632   3.7277577553956179E-002
         633   3.7390856907924076E-002
         634   3.7504287089315393E-002
         635   3.7617867977000591E-002
         636   3.7731599449737946E-002
         637   3.7845481386173906E-002
         638   3.7959513664843174E-002
         639   3.8073696164169023E-002
         640   3.8188028762463661E-002
         641   3.8302511337928384E-002
         642   3.8417143768653808E-002
         643   3.8531925932620247E-002
         644   3.8646857707697969E-002
         645   3.8761938971647335E-002
         646   3.8877169602119226E-002
         647   3.8992549476655161E-002
         648   3.9108078472687685E-002
         649   3.9223756467540477E-002
         650   3.9339583338428859E-002
         651   3.9455558962459780E-002
         652   3.9571683216632320E-002
         653   3.9687955977837842E-002
         654   3.9804377122860161E-002
         655   3.9920946528375960E-002
         656   4.0037664070954979E-002
         657   4.0154529627060370E-002
         658   4.0271543073048810E-002
         659   4.0388704285170877E-002
         660   4.0506013139571327E-002
         661   4.0623469512289290E-002
         662   4.0741073279258487E-002
         663   4.0858824316307656E-002
         664   4.0976722499160734E-002
         665   4.1094767703436973E-002
         666   4.1212959804651512E-002
         667   4.1331298678215327E-002
         668   4.1449784199435756E-002
         669   4.1568416243516600E-002
         670   4.1687194685558364E-002
         671   4.1806119400558749E-002
         672   4.1925190263412578E-002
         673   4.2044407148912388E-002
         674   4.2163769931748460E-002
         675   4.2283278486509118E-002
         676   4.2402932687681152E-002
         677   4.2522732409649946E-002
         678   4.2642677526699715E-002
         679   4.2762767913013838E-002
         680   4.2883003442675219E-002
         681   4.3003383989666209E-002
         682   4.3123909427869291E-002
         683   4.3244579631067093E-002
         684   4.3365394472942700E-002
         685   4.3486353827079889E-002
         686   4.3607457566963499E-002
         687   4.3728705565979520E-002
         688   4.3850097697415560E-002
         689   4.3971633834461010E-002
         690   4.4093313850207254E-002
         691   4.4215137617648045E-002
         692   4.4337105009679703E-002
         693   4.4459215899101276E-002
         694   4.4581470158615084E-002
         695   4.4703867660826693E-002
         696   4.4826408278245355E-002
         697   4.4949091883284137E-002
         698   4.5071918348260388E-002
         699   4.5194887545395662E-002
         700   4.5317999346816497E-002
         701   4.5441253624554222E-002
         702   4.5564650250545277E-002
         703   4.5688189096631707E-002
         704   4.5811870034561220E-002
         705   4.5935692935987600E-002
         706   4.6059657672470923E-002
         707   4.6183764115477692E-002
         708   4.6308012136381194E-002
         709   4.6432401606461768E-002
         710   4.6556932396907148E-002
         711   4.6681604378812636E-002
         712   4.6806417423181292E-002
         713   4.6931371400924383E-002
         714   4.7056466182861495E-002
         715   4.7181701639720866E-002
         716   4.7307077642139574E-002
         717   4.7432594060663961E-002
         718   4.7558250765749675E-002
         719   4.7684047627762176E-002
         720   4.7809984516976649E-002
         721   4.7936061303578671E-002
         722   4.8062277857664433E-002
         723   4.8188634049240439E-002
         724   4.8315129748224571E-002
         725   4.8441764824445781E-002
         726   4.8568539147644613E-002
         727   4.8695452587473348E-002
         728   4.8822505013496352E-002
         729   4.8949696295190227E-002
         730   4.9077026301944382E-002
         731   4.9204494903060760E-002
         732   4.9332101967754546E-002
         733   4.9459847365154304E-002
         734   4.9587730964302183E-002
         735   4.9715752634154224E-002
         736   4.9843912243580563E-002
         737   4.9972209661365861E-002
         738   5.0100644756209317E-002
         739   5.0229217396725194E-002
         740   5.0357927451442762E-002
         741   5.0486774788806928E-002
         742   5.0615759277178277E-002
         743   5.0744880784833253E-002
         744   5.0874139179964750E-002
         745   5.1003534330681985E-002
         746   5.1133066105011060E-002
         747   5.1262734370895041E-002
         748   5.1392538996194267E-002
         749   5.1522479848686568E-002
         750   5.1652556796067735E-002
         751   5.1782769705951470E-002
         752   5.1913118445869932E-002
         753   5.2043602883273872E-002
         754   5.2174222885532785E-002
         755   5.2304978319935407E-002
         756   5.2435869053689736E-002
         757   5.2566894953923568E-002
         758   5.2698055887684357E-002
         759   5.2829351721939997E-002
         760   5.2960782323578606E-002
         761   5.3092347559408989E-002
         762   5.3224047296160995E-002
         763   5.3355881400485562E-002
         764   5.3487849738955255E-002
         765   5.3619952178064083E-002
         766   5.3752188584228366E-002
         767   5.3884558823786552E-002
         768   5.4017062762999432E-002
         769   5.4149700268050764E-002
         770   5.4282471205047311E-002
         771   5.4415375440018961E-002
         772   5.4548412838919327E-002
         773   5.4681583267625726E-002
         774   5.4814886591939567E-002
         775   5.4948322677586557E-002
         776   5.5081891390217186E-002
         777   5.5215592595406440E-002
         778   5.5349426158654721E-002
         779   5.5483391945387643E-002
         780   5.5617489820956455E-002
         781   5.5751719650638354E-002
         782   5.5886081299636604E-002
         783   5.6020574633080952E-002
         784   5.6155199516027793E-002
         785   5.6289955813460309E-002
         786   5.6424843390289026E-002
         787   5.6559862111351944E-002
         788   5.6695011841414657E-002
         789   5.6830292445170655E-002
         790   5.6965703787241799E-002
         791   5.7101245732178396E-002
         792   5.7236918144459505E-002
         793   5.7372720888493017E-002
         794   5.7508653828616377E-002
         795   5.7644716829096262E-002
         796   5.7780909754129361E-002
         797   5.7917232467842146E-002
         798   5.8053684834291540E-002
         799   5.8190266717464974E-002
         800   5.8326977981280712E-002
         801   5.8463818489588031E-002
         802   5.8600788106167624E-002
         803   5.8737886694731629E-002
         804   5.8875114118924106E-002
         805   5.9012470242321313E-002
         806   5.9149954928431697E-002
         807   5.9287568040696424E-002
         808   5.9425309442489437E-002
         809   5.9563178997117910E-002
         810   5.9701176567822437E-002
         811   5.9839302017777082E-002
         812   5.9977555210090017E-002
         813   6.0115936007803482E-002
         814   6.0254444273894106E-002
         815   6.0393079871273174E-002
         816   6.0531842662787022E-002
         817   6.0670732511217074E-002
         818   6.0809749279280234E-002
         819   6.0948892829629189E-002
         820   6.1088163024852392E-002
         821   6.1227559727474748E-002
         822   6.1367082799957472E-002
         823   6.1506732104698612E-002
         824   6.1646507504033103E-002
         825   6.1786408860233288E-002
         826   6.1926436035508792E-002
         827   6.2066588892007141E-002
         828   6.2206867291813822E-002
         829   6.2347271096952650E-002
         830   6.2487800169385897E-002
         831   6.2628454371014608E-002
         832   6.2769233563679083E-002
         833   6.2910137609158479E-002
         834   6.3051166369171949E-002
         835   6.3192319705378253E-002
         836   6.3333597479376239E-002
         837   6.3474999552705066E-002
         838   6.3616525786844472E-002
         839   6.3758176043214945E-002
         840   6.3899950183178150E-002
         841   6.4041848068037185E-002
         842   6.4183869559036502E-002
         843   6.4326014517362556E-002
         844   6.4468282804143934E-002
         845   6.4610674280451447E-002
         846   6.4753188807298634E-002
         847   6.4895826245641788E-002
         848   6.5038586456380346E-002
         849   6.5181469300357189E-002
         850   6.5324474638358832E-002
         851   6.5467602331115607E-002
         852   6.5610852239302006E-002
         853   6.5754224223536939E-002
         854   6.5897718144383860E-002
         855   6.6041333862351309E-002
         856   6.6185071237892759E-002
         857   6.6328930131407379E-002
         858   6.6472910403239702E-002
         859   6.6617011913680135E-002
         860   6.6761234522965729E-002
         861   6.6905578091279339E-002
         862   6.7050042478750960E-002
         863   6.7194627545457200E-002
         864   6.7339333151422029E-002
         865   6.7484159156616777E-002
         866   6.7629105420960595E-002
         867   6.7774171804320354E-002
         868   6.7919358166511221E-002
         869   6.8064664367296759E-002
         870   6.8210090266389314E-002
         871   6.8355635723450117E-002
         872   6.8501300598089565E-002
         873   6.8647084749867610E-002
         874   6.8792988038293729E-002
         875   6.8939010322827537E-002
         876   6.9085151462878719E-002
         877   6.9231411317807426E-002
         878   6.9377789746924573E-002
         879   6.9524286609492045E-002
         880   6.9670901764722987E-002
         881   6.9817635071781750E-002
         882   6.9964486389784766E-002
         883   7.0111455577800089E-002
         884   7.0258542494848142E-002
         885   7.0405746999901819E-002
         886   7.0553068951886719E-002
         887   7.0700508209681379E-002
         888   7.0848064632117527E-002
         889   7.0995738077980527E-002
         890   7.1143528406009321E-002
         891   7.1291435474896803E-002
         892   7.1439459143290029E-002
         893   7.1587599269790692E-002
         894   7.1735855712954946E-002
         895   7.1884228331294195E-002
         896   7.2032716983274930E-002
         897   7.2181321527319056E-002
         898   7.2330041821804192E-002
         899   7.2478877725064061E-002
         900   7.2627829095388396E-002
         901   7.2776895791023574E-002
         902   7.2926077670172604E-002
         903   7.3075374590995432E-002
         904   7.3224786411609219E-002
         905   7.3374312990088675E-002
         906   7.3523954184465973E-002
         907   7.3673709852731417E-002
         908   7.3823579852833526E-002
         909   7.3973564042679130E-002
         910   7.4123662280133895E-002
         911   7.4273874423022482E-002
         912   7.4424200329128498E-002
         913   7.4574639856195182E-002
         914   7.4725192861925388E-002
         915   7.4875859203981807E-002
         916   7.5026638739987564E-002
         917   7.5177531327525887E-002
         918   7.5328536824141035E-002
         919   7.5479655087337935E-002
         920   7.5630885974582673E-002
         921   7.5782229343302906E-002
         922   7.5933685050887822E-002
         923   7.6085252954688515E-002
         924   7.6236932912018371E-002
         925   7.6388724780152920E-002
         926   7.6540628416330525E-002
         927   7.6692643677752442E-002
         928   7.6844770421583053E-002
         929   7.6997008504950018E-002
         930   7.7149357784944667E-002
         931   7.7301818118622273E-002
         932   7.7454389363002113E-002
         933   7.7607071375067879E-002
         934   7.7759864011767821E-002
         935   7.7912767130015145E-002
         936   7.8065780586688074E-002
         937   7.8218904238630205E-002
         938   7.8372137942650549E-002
         939   7.8525481555524260E-002
         940   7.8678934933992334E-002
         941   7.8832497934762213E-002
         942   7.8986170414507603E-002
         943   7.9139952229869373E-002
         944   7.9293843237455267E-002
         945   7.9447843293840387E-002
         946   7.9601952255567238E-002
         947   7.9756169979146363E-002
         948   7.9910496321055985E-002
         949   8.0064931137742809E-002
         950   8.0219474285622067E-002
         951   8.0374125621077458E-002
         952   8.0528885000461931E-002
         953   8.0683752280097665E-002
         954   8.0838727316276129E-002
         955   8.0993809965258706E-002
         956   8.1149000083276593E-002
         957   8.1304297526531219E-002
         958   8.1459702151194510E-002
         959   8.1615213813408929E-002
         960   8.1770832369288185E-002
         961   8.1926557674916606E-002
         962   8.2082389586350349E-002
         963   8.2238327959617094E-002
         964   8.2394372650716349E-002
         965   8.2550523515619936E-002
         966   8.2706780410271796E-002
         967   8.2863143190588628E-002
         968   8.3019611712459959E-002
         969   8.3176185831748350E-002
         970   8.3332865404289760E-002
         971   8.3489650285893585E-002
         972   8.3646540332343158E-002
         973   8.3803535399395709E-002
         974   8.3960635342782988E-002
         975   8.4117840018211001E-002
         976   8.4275149281360623E-002
         977   8.4432562987887746E-002
         978   8.4590080993423522E-002
         979   8.4747703153574508E-002
         980   8.4905429323923018E-002
         981   8.5063259360027316E-002
         982   8.5221193117421726E-002
         983   8.5379230451617216E-002
         984   8.5537371218101232E-002
         985   8.5695615272338224E-002
         986   8.5853962469769771E-002
         987   8.6012412665814719E-002
         988   8.6170965715869755E-002
         989   8.6329621475309218E-002
         990   8.6488379799485607E-002
         991   8.6647240543729631E-002
         992   8.6806203563350753E-002
         993   8.6965268713637162E-002
         994   8.7124435849856074E-002
         995   8.7283704827253783E-002
         996   8.7443075501056414E-002
         997   8.7602547726469512E-002
         998   8.7762121358678669E-002
         999   8.7921796252850001E-002
        1000   8.8081572264129770E-002
